20
24
1400 1500 1700 1900 2000 2200 2300 2400 2600 2800 2900 3000 2800 2600 2400 2100 2000 2200 2400 2800 2600 2200 1800 1600
455 455 130 130 162 80 85 55 55 55 455 455 130 130 162 80 85 55 55 55
150 150 20 20 25 20 25 10 10 10 150 150 20 20 25 20 25 10 10 10
1000 970 700 680 450 370 480 660 665 670 1000 970 700 680 450 370 480 660 665 670
16.19 17.26 16.60 16.50 19.70 22.26 27.74 25.72 27.27 27.79 16.19 17.26 16.60 16.50 19.70 22.26 27.74 25.72 27.27 27.79
0.00048 0.00031 0.002 0.00211 0.00398 0.00712 0.00079 0.00413 0.00222 0.00173 0.00048 0.00031 0.002 0.00211 0.00398 0.00712 0.00079 0.00413 0.00222 0.00173
8 8 5 5 6 3 3 1 1 1 8 8 5 5 6 3 3 1 1 1
8 8 5 5 6 3 3 1 1 1 8 8 5 5 6 3 3 1 1 1
4500 5000 550 560 900 170 260 30 30 30 4500 5000 550 560 900 170 260 30 30 30
9000 10000 1100 1120 1800 340 520 60 60 60 9000 10000 1100 1120 1800 340 520 60 60 60
5 5 4 4 4 2 2 0 0 0 5 5 4 4 4 2 2 0 0 0
8 8 -5 -5 -6 -3 -3 -1 -1 -1 8 8 -5 -5 -6 -3 -3 -1 -1 -1
1 1 0 0 0 0 0 0 0 0 1 1 0 0 0 0 0 0 0 0